6e-05 0.5789626174591164 0.12228346723700037 0.0009089454948240859
0.00030000000000000003 2.51714068048106 0.521839052889369 0.020220440753445337
0.00054 3.9696284090440317 0.80699316335838 0.05781434582909581
0.0007800000000000002 5.060994818020303 1.0080567193571417 0.10672613608544615
0.0010200000000000003 5.883667402164994 1.147438358927456 0.1619878677129319
0.00126 6.5062414716263595 1.2416943634164979 0.22009476958868737
0.0014999999999999998 6.979639943296697 1.3030476846927297 0.27861130844275583
0.0017399999999999996 7.341679773525368 1.3405134933264493 0.33588051127895224
0.0019799999999999996 7.620457296770423 1.360733103676981 0.3908097114298047
0.00222 7.836858056304406 1.3685917712849522 0.44271283821272184
0.002460000000000001 8.006417639783466 1.3676763190861942 0.4911945234982676
0.0027000000000000014 8.14070142088966 1.3606140664566797 0.5360651175288748
0.002940000000000002 8.248327663448388 1.3493238004900348 0.5772785363892293
0.0031800000000000027 8.335726241671985 1.33520157232546 0.6148869606060892
0.0034200000000000033 8.407701360366572 1.319258203888817 0.6490079581780825
0.003660000000000004 8.467848965743466 1.3022210192201646 0.6798007565351607
0.0039000000000000046 8.518866422575844 1.2846090746662648 0.7074492407372663
0.004140000000000005 8.562782312114699 1.2667887608548185 0.7321498868997827
0.004380000000000005 8.601126999276998 1.2490148695367724 0.7541033076410001
0.004620000000000006 8.635059276234673 1.2314608992375886 0.773508432724669
0.004860000000000007 8.665460430193692 1.214241395975179 0.7905586044736748
0.005100000000000007 8.693004148235358 1.1974284007110845 0.8054390572714711
0.005340000000000008 8.71820849651682 1.1810635382008705 0.8183253908234502
0.0055800000000000086 8.741474598408686 1.1651668839487686 0.829382750625012
0.005820000000000009 8.76311544064326 1.1497434510638522 0.8387655057653299
0.00606000000000001 8.783377350302807 1.1347879202868782 0.8466172708169792
0.0063000000000000105 8.802456028474316 1.120288074537734 0.8530711603317194
0.006540000000000011 8.82050853932178 1.1062272793691739 0.8582501952419783
0.006780000000000012 8.837662292214262 1.0925862618416837 0.8622678031157673
0.007020000000000012 8.854021786808518 1.079344374506425 0.8652283708482847
0.007260000000000013 8.869673692463072 1.066480482431493 0.8672278205653261
0.007500000000000014 8.884690686149657 1.0539735751086796 0.8683541884236581
0.007740000000000014 8.899134363856087 1.0418031783558974 0.8686881924819089
0.007980000000000013 8.913057459502285 1.0299496215551165 0.8683037805189143
0.00822000000000001 8.926505545326167 1.0183942009367293 0.8672686520658642
0.008460000000000007 8.93951834313168 1.0071192688044577 0.8656447513423929
0.008700000000000005 8.952130742720202 0.996108270601465 0.8634887295024247
0.008940000000000002 8.964373599277886 0.9853457458155684 0.8608523757933464
0.009179999999999999 8.976274363262904 0.9748173043664082 0.8577830180523056
0.009419999999999996 8.987857582795591 0.9645095869078939 0.8543238935096459
0.009659999999999993 8.999145308490252 0.9544102151171724 0.8505144912179079
0.00989999999999999 9.010157423182926 0.9445077363060049 0.8463908676314905
0.010139999999999988 9.020911913439004 0.9347915654182852 0.8419859369681055
0.010379999999999985 9.031425095575102 0.9252519265473959 0.8373297380186608
0.010619999999999982 9.041711805834817 0.9158797954295461 0.8324496790591447
0.010859999999999979 9.051785562046966 0.906666843877803 0.8273707624724015
0.011099999999999976 9.06165870236604 0.8976053867671367 0.8221157906209383
0.011339999999999973 9.07134250539868 0.8886883319271212 0.8167055544323533
0.01157999999999997 9.08084729504631 0.8799091331191532 0.811159006072542
0.011819999999999968 9.0901825326602 0.8712617461493084 0.8054934169926539
0.012059999999999965 8.520394281091269 0.7404571208446457 0.7988155770518903
0.012299999999999962 4.507390117292287 -0.10156746049719095 0.7602929188637901
0.01253999999999996 1.5030221202053986 -0.7055551547313672 0.6829968340638853
0.012779999999999956 -0.7514946503336376 -1.1345071153857624 0.5814715149348583
0.013019999999999953 -2.448166643348325 -1.435003714904692 0.46610638446264213
0.01325999999999995 -3.7294861523219005 -1.6414639138375966 0.3442449288526001
0.013499999999999948 -4.701229489640309 -1.7793015486564487 0.22100369394939245
0.013739999999999945 -5.441944604249139 -1.8672640612514722 0.09987669701796784
0.013979999999999942 -6.009984717426364 -1.9191653009185858 -0.016818989217412858
0.01421999999999994 -6.44872290211516 -1.945169259321805 -0.12761517141577416
0.014459999999999936 -6.790418237996277 -1.9527410021996705 -0.2316513880615973
0.014699999999999934 -7.059082395215076 -1.9473509706869505 -0.3284980134213853
0.01493999999999993 -7.272605232982013 -1.9329965213747857 -0.41802682729658336
0.015179999999999928 -7.444331090578096 -1.9125880424898116 -0.5003166222491362
0.015419999999999925 -7.584227853238545 -1.8882347301603088 -0.5755846486134519
0.015659999999999924 -7.699754113698932 -1.861456026506287 -0.6441370896829852
0.015899999999999928 -7.7965025009773 -1.8333379895951216 -0.7063335315441011
0.016139999999999932 -7.878677049696582 -1.804648875863177 -0.7625617046460489
0.016379999999999936 -7.949447511364501 -1.7759245175443632 -0.8132197463194049
0.01661999999999994 -8.011212411107886 -1.7475313367722183 -0.85870395326749
0.016859999999999944 -8.065794426956025 -1.7197128066193517 -0.8994005259122083
0.01709999999999995 -8.114585570839058 -1.692623663796762 -0.9356802008156528
0.017339999999999953 -8.158655130245739 -1.6663550619604424 -0.9678949591202669
0.017579999999999957 -8.198829978725184 -1.6409530276878541 -0.9963762146576263
0.01781999999999996 -8.235754379515384 -1.6164319684215942 -1.0214340447846308
0.018059999999999965 -8.26993456523723 -1.5927845276110726 -1.0433571447258514
0.01829999999999997 -8.301772011547682 -1.5699887458369213 -1.0624132730576412
0.018539999999999973 -8.331588310662633 -1.548013237429794 -1.0788500199843694
0.018779999999999977 -8.35964380039091 -1.5268209074276808 -1.0928957771722092
0.01901999999999998 -8.38615154805475 -1.506371596927028 -1.1047608225232621
0.019259999999999985 -8.411287876219221 -1.4866239435751818 -1.114638458652809
0.01949999999999999 -8.435200311309172 -1.467536668936228 -1.1227061623895764
0.019739999999999994 -8.458013609381217 -1.44906944892879 -1.1291267161406213
0.019979999999999998 -8.47983434509724 -1.4311834824354004 -1.1340493017719013
0.020220000000000002 -8.500754425162762 -1.413841842777835 -1.137610544731766
0.020460000000000006 -8.520853794915388 -1.3970096742690603 -1.1399355012115764
0.02070000000000001 -8.540202538049135 -1.3806542794357015 -1.1411385847306608
0.020940000000000014 -8.558862518467281 -1.364745130232768 -1.141324431047308
0.021180000000000018 -8.576888675393601 -1.349253827516687 -1.1405887020253482
0.021420000000000022 -8.59433005474742 -1.3341540263676437 -1.1390188302423594
0.021660000000000026 -8.611230638886843 -1.319421339938539 -1.1366947068691982
0.02190000000000003 -8.627630021282245 -1.3050332308968524 -1.1336893157979968
0.022140000000000035 -8.64356396111635 -1.2909688968775481 -1.1300693172325744
0.02238000000000004 -8.659064844192693 -1.2772091544282815 -1.125895584044052
0.022620000000000043 -8.674162070111045 -1.2637363245162498 -1.1212236941810865
0.022860000000000047 -8.688882380872437 -1.250534121641195 -1.1161043823418193
0.02310000000000005 -8.703250142489948 -1.23758754785928 -1.1105839539874462
0.023340000000000055 -8.717287588493889 -1.224882792492343 -1.1047046646225493
0.02358000000000006 -8.73101503220152 -1.2124071379205945 -1.0985050670973557
0.023820000000000063 -8.744451053100967 -1.2001488715929527 -1.0920203295105648
0.024060000000000067 -7.061293266182933 -0.8308886145316414 -1.0808256822965283
0.02430000000000007 -3.3330874143141704 -0.05189255273270585 -1.029883337725945
0.024540000000000076 -0.5413071747536077 0.5065685863354521 -0.9441430294964925
0.02478000000000008 1.5542144010033156 0.9029218802010386 -0.836999632611939
0.025020000000000084 3.131678295961381 1.180360620446831 -0.7180015496496193
0.025260000000000088 4.323338961707809 1.3707962359761776 -0.5938788228157897
0.025500000000000092 5.227379699945193 1.4977867180773135 -0.4693023792849149
0.025740000000000096 5.916716246025992 1.5787064742288723 -0.3474442279833883
0.0259800000000001 6.445523348005528 1.6263539752597278 -0.2303903380113651
0.026220000000000104 6.854073472394049 1.6501427407986042 -0.11944452341268211
0.02646000000000011 7.172324324624306 1.6569835395489056 -0.015351724145128663
0.026700000000000113 7.422578876616318 1.6519377605575603 0.08153828937571894
0.026940000000000117 7.621457837802608 1.6387012167420145 0.17115121667885563
0.02718000000000012 7.781362423194452 1.6199623027034422 0.2536010039050189
0.027420000000000125 7.911559254115463 1.5976670593493776 0.32912656354124525
0.02766000000000013 8.018985116998785 1.5732152707845415 0.3980461233103643
0.027900000000000133 8.108844021778179 1.5476054728520448 0.4607245343388261
0.028140000000000137 8.185050259911893 1.5215421232118647 0.5175500864545589
0.02838000000000014 8.250557270004325 1.4955147515785567 0.5689182802796818
0.028620000000000145 8.307601821466665 1.4698563656147081 0.615220673500112
0.02886000000000015 8.357885393539526 1.4447865031448395 0.6568374129561152
0.029100000000000154 8.402708968838379 1.4204429244501628 0.6941324299477121
0.029340000000000158 8.443073266335164 1.3969049031493372 0.727450546694638
0.02958000000000016 8.47975332955747 1.374210306964562 0.7571159419165447
0.029820000000000166 8.513354080992181 1.3523680911387612 0.7834315712978547
0.03006000000000017 8.544351745101428 1.331367405985114 0.8066792477282559
0.030300000000000174 8.573124775727864 1.3111842078996336 0.8271201667082275
0.030540000000000178 8.599976984635417 1.2917860318998604 0.8449957216209129
0.030780000000000182 8.625154871741042 1.2731354124285048 0.8605284972102151
0.031020000000000186 8.648860641415672 1.2551923122598858 0.8739233616540018
0.03126000000000019 8.671262006497862 1.2379158253660298 0.885368601105407
0.03150000000000018 8.692499597851613 1.2212653500125177 0.8950370577341439
0.03174000000000017 8.712692586821973 1.2052013768425878 0.9030872447916265
0.03198000000000016 8.731942971830865 1.1896859985884076 0.9096644212757847
0.03222000000000015 8.750338864550967 1.1746832198499642 0.9149016152916811
0.03246000000000014 8.767957025174978 1.1601591245324934 0.9189205898639077
0.03270000000000013 8.784864832535131 1.1460819431265676 0.9218327482525444
0.03294000000000012 8.801121827496045 1.1324220506384122 0.9237399781228119
0.03318000000000011 8.816780932897009 1.1191519175850309 0.9247354354900017
0.0334200000000001 8.831889427210017 1.1062460302838384 0.9249042704052911
0.03366000000000009 8.846489729673545 1.0936807921151952 0.9243242970115346
0.03390000000000008 8.86062004022936 1.0814344140929466 0.9230666109890314
0.03414000000000007 8.874314866847323 1.0694868006275753 0.9211961576088269
0.03438000000000006 8.887605464820359 1.0578194345754743 0.9187722536732741
0.034620000000000054 8.90052020664289 1.0464152643633304 0.9158490665926591
0.034860000000000044 8.913084896627963 1.0352585950307656 0.9124760537533813
0.035100000000000034 8.925323041083034 1.0243349843525962 0.9086983651996998
0.035340000000000024 8.937256082363968 1.0136311447143327 0.9045572124933209
0.035580000000000014 8.948903603247631 1.0031348510691378 0.9000902064444585
0.035820000000000005 8.960283506647073 0.9928348550631535 0.8953316662324102
0.036059999999999995 8.392449557162715 0.8604373380137124 0.889403956763831
0.036299999999999985 4.381316362645977 0.016875213254375743 0.851488739478679
0.036539999999999975 1.3787424237272217 -0.5885986788289096 0.774670404283632
0.036779999999999965 -0.8740513319717117 -1.0189891590432745 0.6735050169546873
0.037019999999999956 -2.569065989803303 -1.3208799599026468 0.558392845916084
0.037259999999999946 -3.8487889387566905 -1.528693120793498 0.43668728319111516
0.037499999999999936 -4.818992005248006 -1.6678452996375934 0.3135139216722402
0.037739999999999926 -5.558219033933067 -1.7570865242580456 0.1923750408136224
0.03797999999999992 -6.1248194900362 -1.810233014412212 0.07559525823494977
0.03821999999999991 -6.562163008287348 -1.8374509351170254 -0.03535034336075844
0.0384599999999999 -6.902505520340487 -1.8462073451697238 -0.13959501217662762
0.03869999999999989 -7.169855813319803 -1.841974513860428 -0.23670337967882582
0.03893999999999988 -7.382101105475342 -1.82875147511625 -0.32654198318674527
0.03917999999999987 -7.552583316269265 -1.8094501565655008 -0.4091848299920505
0.03941999999999986 -7.691268113178288 -1.7861811675899368 -0.48484480297212806
0.03965999999999985 -7.805612055828529 -1.76046524819409 -0.5538240997676586
0.03989999999999984 -7.901205908885253 -1.733389648818143 -0.61647866970573
0.04013999999999983 -7.982251996865653 -1.7057237217727936 -0.6731929252910152
0.04037999999999982 -8.051918502168874 -1.67800430690869 -0.7243619772339008
0.04061999999999981 -8.112602509708793 -1.65059875325277 -0.7703793618174839
0.0408599999999998 -8.166125375143137 -1.623751386935597 -0.8116287622814001
0.04109999999999979 -8.2138778957732 -1.5976177301874315 -0.8484786202578277
0.04133999999999978 -8.256928242975015 -1.5722896604010193 -0.8812788250324247
0.04157999999999977 -8.296102264270655 -1.547813871369978 -0.9103588841248597
0.04181999999999976 -8.332043279253266 -1.5242053860424758 -0.9360271381056664
0.04205999999999975 -8.365256652241516 -1.5014574160597836 -0.958570700298336
0.04229999999999974 -8.396143059499595 -1.4795485268998876 -0.9782558888835818
0.04253999999999973 -8.425023356880867 -1.4584478181702492 -0.9953289829476726
0.04277999999999972 -8.452157203488706 -1.4381186439235003 -1.0100171811411323
0.04301999999999971 -8.477757040686244 -1.4185212610784796 -1.022529676239981
0.0432599999999997 -8.501998613337463 -1.3996146927189286 -1.0330587842895056
0.04349999999999969 -8.525028914321915 -1.38135801802458 -1.0417810855747554
0.04373999999999968 -8.546972206557209 -1.3637112450539297 -1.0488585481901986
0.04397999999999967 -8.56793460854538 -1.3466358814972486 -1.054439614796389
0.04421999999999966 -8.588007604678703 -1.330095288111536 -1.0586602402330945
0.04445999999999965 -8.607270748964792 -1.3140548770638962 -1.0616448727302916
0.04469999999999964 -8.625793762133627 -1.2984822007917118 -1.0635073750559694
0.04493999999999963 -8.643638171097916 -1.2833469647145692 -1.0643518844583355
0.04517999999999962 -8.660858601877349 -1.268620988076081 -1.064273611991663
0.04541999999999961 -8.677503808974475 -1.2542781305176416 -1.0633595829749674
0.045659999999999604 -8.693617503290357 -1.240294197071527 -1.061689321079547
0.045899999999999594 -8.709239025127387 -1.2266468306488558 -1.059335478991748
0.046139999999999584 -8.724403897262016 -1.2133153984489782 -1.056364418836778
0.046379999999999574 -8.73914428445693 -1.200280876779264 -1.0528367456406529
0.046619999999999565 -8.753489379359907 -1.187525737361673 -1.0488077970961978
0.046859999999999555 -8.76746572994174 -1.1750338371770574 -1.0443280928187286
0.047099999999999545 -8.781097520039953 -1.1627903131578043 -1.0394437461516923
0.047339999999999535 -8.794406811888326 -1.1507814825086928 -1.0341968414294807
0.047579999999999525 -8.807413757494526 -1.1389947490589574 -1.0286257794361826
0.047819999999999516 -8.820136784208302 -1.1274185157842354 -1.0227655936239433
0.048059999999999506 -8.253630141215119 -0.9937586362179573 -1.0157392939840528
0.048299999999999496 -4.243808885315489 -0.14894771528904271 -0.9767291238242045
0.048539999999999486 -1.2425319340825882 0.4577616970755971 -0.8988199971732398
0.04877999999999948 1.0089793967731588 0.8893746955485047 -0.796568451194344
0.04901999999999947 2.702725830611442 1.1924752711821136 -0.6803751775506928
0.04925999999999946 3.9811944180938457 1.4014857077554144 -0.5575939475535255
0.04949999999999945 4.950156668819706 1.54182289453337 -0.4333506932720423
0.04973999999999944 5.688156130219146 1.6322370786483054 -0.311147996737879
0.04997999999999943 6.253541988163917 1.6865446880705968 -0.19331074476039795
0.05021999999999942 6.689683614361211 1.714912085798548 -0.08131425878073267
0.05045999999999941 7.028836692381336 1.7248065191749555 0.02397449843345132
0.0506999999999994 7.295009774947297 1.7217004373314089 0.12211997269126953
0.05093999999999939 7.506089858452536 1.7095930460045625 0.21298853872626508
0.05117999999999938 7.6754186520148675 1.691396437217344 0.2966540622659925
0.05141999999999937 7.812961623340944 1.669221377897252 0.3733293037725901
0.05165999999999936 7.926175142007777 1.6445887592647728 0.44331635590896373
0.05189999999999935 8.020649791575327 1.61858597712212 0.5069710788981726
0.05213999999999934 8.100587723690898 1.5919825237242433 0.5646778105858846
0.05237999999999933 8.169156955472976 1.5653153738479362 0.6168316001632044
0.05261999999999932 8.228754413554155 1.5389520067943903 0.6638259343411957
0.05285999999999931 8.281201301771619 1.5131368746520815 0.7060444576453698
0.0530999999999993 8.32788827157469 1.4880256216002836 0.7438555828566166
0.05333999999999929 8.369883354006145 1.4637102432535676 0.7776091793632354
0.05357999999999928 8.408012261362197 1.4402375481583332 0.8076347429113095
0.05381999999999927 8.442918182741332 1.417622670783067 0.8342406096633831
0.05405999999999926 8.475106356354551 1.3958589312737388 0.857713895208155
0.05429999999999925 8.504977336430386 1.374925000796199 0.8783209260324663
0.05453999999999924 8.532851860570224 1.354790082011207 0.896307994992299
0.05477999999999923 8.55898947314514 1.3354176295572842 0.9119023194443515
0.05501999999999922 8.583602504063856 1.3167679986250844 0.9253131153260447
0.05525999999999921 8.60686658979236 1.2988003083967867 0.9367327258599878
0.0554999999999992 8.62892861766568 1.281473732106316 0.9463377621234927
0.05573999999999919 8.64991274772435 1.264748369940677 0.954290226252268
0.05597999999999918 8.669924998090268 1.2485858199018531 0.9607385978631209
0.05621999999999917 8.689056755116129 1.2329495313418075 0.9658188713623674
0.056459999999999164 8.707387476967074 1.2178050033978163 0.9696555368788256
0.056699999999999154 8.724986790596091 1.203119873937198 0.9723625011580379
0.056939999999999144 8.741916131083553 1.1888639323470327 0.9740439472732056
0.057179999999999134 8.758230034450524 1.1750090804475857 0.9747951337401494
0.057419999999999125 8.773977166932724 1.161529259132003 0.9747031347837304
0.057659999999999115 8.789201152802548 1.1484003534201739 0.9738475242501525
0.057899999999999105 8.803941247285751 1.1356000850027117 0.972301006110041
0.058139999999999095 8.818232889555002 1.1231078987020346 0.970129994736778
0.058379999999999085 8.832108162169177 1.1109048473398713 0.9673951482359517
0.058619999999999076 8.845596176905108 1.0989734780879234 0.9641518580907209
0.058859999999999066 8.858723402133688 1.0872977223529392 0.9604506983076924
0.059099999999999056 8.8715139433066 1.0758627905070839 0.956337837122658
0.059339999999999046 8.883989785433288 1.064655072243744 0.9518554141725454
0.059579999999999037 8.896171004410062 1.0536620429619894 0.9470418858715679
0.05981999999999903 8.908075952543484 1.042872176318587 0.9419323415545264
0.06005999999999902 8.340758805002563 0.9099913956673211 0.9356498472797308
0.06029999999999901 4.3301345455597655 0.06595237492266232 0.8973767025443883
0.060539999999999 1.3280620197131432 -0.5399922678135483 0.8201978776332239
0.06077999999999899 -0.9242375279819746 -0.9708475598270052 0.7186699659808045
0.06101999999999898 -2.618764891150861 -1.2731974255503413 0.6031937154911057
0.06125999999999897 -3.8980071898595057 -1.4814640828901393 0.4811229536438868
0.06149999999999896 -4.867736002276814 -1.6210643559679556 0.3575836685668823
0.06173999999999895 -5.606494943592155 -1.7107484274844789 0.23607849820622515
0.06197999999999894 -6.172633266649045 -1.7643326616740538 0.11893238511101477
0.06221999999999893 -6.609520409360269 -1.7919833584793634 0.007620706259681524
0.06245999999999892 -6.949412120755451 -1.8011677028537005 -0.0969895202701572
0.06269999999999894 -7.216317018289248 -1.797358082191795 -0.1944626852273813
0.06293999999999896 -7.428122162376533 -1.7845536411333691 -0.2846651085550743
0.06317999999999897 -7.598169325462661 -1.7656664112323213 -0.3676706014780574
0.06341999999999899 -7.736424037903297 -1.7428070995636402 -0.44369187025948803
0.06365999999999901 -7.850342731260374 -1.7174965381010223 -0.513030953681315
0.06389999999999903 -7.945516050428285 -1.6908220639953557 -0.5760436584163348
0.06413999999999904 -8.026146207751111 -1.6635531114359654 -0.6331142691018579
0.06437999999999906 -8.09540128041858 -1.6362265977104196 -0.6846377820724188
0.06461999999999908 -8.155678254520486 -1.6092099451982032 -0.7310076315429656
0.0648599999999991 -8.208798392748028 -1.5827475496251104 -0.7726074099109123
0.06509999999999912 -8.256152404811697 -1.556994999358628 -0.8098054782036276
0.06533999999999913 -8.298808379432415 -1.5320442347446317 -0.842951654436106
0.06557999999999915 -8.337592086010877 -1.5079420095964242 -0.8723753833661485
0.06581999999999917 -8.373146770185311 -1.4847034041777816 -0.8983849505570864
0.06605999999999919 -8.40597772615025 -1.4623216849514014 -0.9212674213908316
0.0662999999999992 -8.436485563569722 -1.4407754699145945 -0.9412890725425913
0.06653999999999922 -8.4649910749404 -1.4200339090678333 -0.9586961474540239
0.06677999999999924 -8.49175385899595 -1.400060404891333 -0.9737158144664523
0.06701999999999926 -8.516986299482225 -1.3808152609133477 -0.9865572409020369
0.06725999999999928 -8.540864086183849 -1.362257545143667 -0.997412721768981
0.0674999999999993 -8.563534159242698 -1.3443463801281084 -1.0064588203313969
0.06773999999999931 -8.585120731000872 -1.3270418158442834 -1.0138574913130005
0.06797999999999933 -8.60572987138281 -1.3103054005580732 -1.0197571673194952
0.06821999999999935 -8.625453018050809 -1.2941005343533425 -1.0242937961463772
0.06845999999999937 -8.644369679992572 -1.2783926675621171 -1.0275918217110618
0.06869999999999939 -8.662549534502322 -1.2631493897042751 -1.029765104946007
0.0689399999999994 -8.680054066525912 -1.2483404422723419 -1.0309177835083336
0.06917999999999942 -8.696937861479556 -1.2339376796400967 -1.031145070893284
0.06941999999999944 -8.713249634529058 -1.2199149956975492 -1.030533996698969
0.06965999999999946 -8.729033058416972 -1.2062482289001784 -1.0291640905368398
0.06989999999999948 -8.744327436384335 -1.1929150548083791 -1.0271080125328007
0.0701399999999995 -8.759168255169117 -1.1798948725440916 -1.0244321336034552
0.07037999999999951 -8.773587644450316 -1.167168689653938 -1.0211970687833543
0.07061999999999953 -8.787614762684425 -1.1547190084555883 -1.017458166868062
0.07085999999999955 -8.801276124486131 -1.142529715918612 -1.0132659595576503
0.07109999999999957 -8.814595881119569 -1.1305859783906929 -1.008666573159971
0.07133999999999958 -8.827596062979724 -1.118874141949345 -1.0037021057600801
0.0715799999999996 -8.840296790925894 -1.1073816387823479 -0.9984109725937979
0.07181999999999962 -8.852716461809337 -1.0960968997357925 -0.9928282221883702
0.07205999999999964 -8.28590929492969 -0.9627258057494928 -0.9860768801627064
0.07229999999999966 -4.275790317780102 -0.11820098871679896 -0.9473392059400442
0.07253999999999967 -1.274218419173443 0.4882249748925207 -0.8697001300938147
0.07277999999999969 0.9775851134220123 0.9195571536109368 -0.7677162067071844
0.07301999999999971 2.6716210311165063 1.2223795127362649 -0.6517881446898169
0.07325999999999973 3.950376411855026 1.4311143106623305 -0.5292697328814244
0.07349999999999975 4.9196227920756685 1.571178411623604 -0.4052869211211225
0.07373999999999976 5.657903745623409 1.6613220380629241 -0.2833423094150058
0.07397999999999978 6.223568484380051 1.7153615935895432 -0.16576080271786042
0.0742199999999998 6.6599864056756655 1.7434634171572911 -0.05401774075666935
0.07445999999999982 6.999413218332533 1.7530947323702857 0.05101989530239254
0.07469999999999984 7.265857499969744 1.7497279649171626 0.14891653278250322
0.07493999999999985 7.477206271534836 1.7373622973779916 0.2395385278667571
0.07517999999999987 7.646801266370567 1.7189097988967859 0.3229597276885516
0.07541999999999989 7.784607976091275 1.696481213791705 0.3993928740910311
0.07565999999999991 7.898082793875421 1.6715974109359248 0.4691400411103798
0.07589999999999993 7.9928163265884 1.6453457640393407 0.5325570703507055
0.07613999999999994 8.073010748896435 1.6184957435129945 0.5900282810605222
0.07637999999999996 8.141834100659217 1.591584302532034 0.6419487038682635
0.07661999999999998 8.201683330981064 1.5649788990325022 0.6887118069682644
0.07686 8.254379665909035 1.538923963968817 0.7307012164255885
0.07710000000000002 8.301313778847613 1.5135751206122074 0.7682853266262789
0.07734000000000003 8.343553722546671 1.4890243438904338 0.8018139886377745
0.07758000000000005 8.381925230767704 1.4653184218798185 0.8316166799668193
0.07782000000000007 8.417071513838476 1.442472468791254 0.858001718624897
0.07806000000000009 8.449497830968733 1.4204797847215862 0.8812562021439763
0.0783000000000001 8.479604757160358 1.3993190209922086 0.9016464390539003
0.07854000000000012 8.507713050567517 1.3789593606204869 0.9194187043582
0.07878000000000014 8.534082275898033 1.3593642387991878 0.9348001976699453
0.07902000000000016 8.558924783185649 1.340493991467596 0.9480001172955371
0.07926000000000018 8.582416228813674 1.3223077187477996 0.9592107889425122
0.0795000000000002 8.604703519830604 1.304764575001953 0.9686088062919885
0.07974000000000021 8.625910835790219 1.2878246417307777 0.9763561542049197
0.07998000000000023 8.646144214130882 1.2714494984327518 0.982601295147019
0.08022000000000025 8.665495060328256 1.255602576136511 0.9874802064990834
0.08046000000000027 8.684042851480076 1.240249355833686 0.9911173614916206
0.08070000000000029 8.701857233284509 1.2253574574212298 0.9936266501004495
0.0809400000000003 8.718999659382558 1.2108966524888236 0.9951122387587813
0.08118000000000032 8.735524684174084 1.1968388252300681 0.9956693694731147
0.08142000000000034 8.751480992094386 1.1831578990800224 0.9953851000904005
0.08166000000000036 8.766912225438697 1.16982974176698 0.9943389882109124
0.08190000000000038 8.78185765728131 1.1568320578544287 0.9926037216917358
0.0821400000000004 8.796352744471442 1.1441442752001691 0.9902456989253702
0.08238000000000041 8.810429587074747 1.131747429821918 0.9873255621693144
0.08262000000000043 8.824117314207244 1.119624052246118 0.9838986871914492
0.08286000000000045 8.837442411413507 1.1077580573912091 0.980015632415826
0.08310000000000047 8.850429001155407 1.09613463929624 0.9757225506282182
0.08334000000000048 8.863099085291047 1.0847401714749623 0.971061566147798
0.0835800000000005 8.875472756405774 1.0735621132986157 0.9660711202029351
0.08382000000000052 8.887568383337412 1.0625889225463083 0.9607862870740738
0.08406000000000054 7.203083379722431 0.6946013844039142 0.9507822195731352
0.08430000000000056 3.4735632956507168 -0.08313415668292587 0.9010210670755033
0.08454000000000057 0.6804816235241196 -0.6403468200960053 0.8164525137690407
0.08478000000000059 -1.4163287627009473 -1.035463535134193 0.7104713973077356
0.08502000000000061 -2.995069016800925 -1.3116774497240116 0.592626093959856
0.08526000000000063 -4.18799375487134 -1.5008998533674496 0.4696466296409915
0.08550000000000064 -5.093286437321102 -1.6266886019147784 0.34620392431967273
0.08574000000000066 -5.783862952829359 -1.7064179711029663 0.2254699879484418
0.08598000000000068 -6.31389819778523 -1.7528863034707285 0.10953079810706844
0.0862200000000007 -6.723664782394005 -1.775506993583736 -0.00030981593848858346
0.08646000000000072 -7.0431205514690935 -1.7811906881036905 -0.10330689291493973
0.08670000000000073 -7.294568612293919 -1.774998656868458 -0.1991106355904591
0.08694000000000075 -7.494629805919399 -1.7606265962459349 -0.2876467117180378
0.08718000000000077 -7.655705475479696 -1.7407627867883815 -0.36902903119646724
0.08742000000000079 -7.787062367154477 -1.7173531577092056 -0.44349646625559136
0.0876600000000008 -7.895637389175798 -1.6917973836398545 -0.5113672007570955
0.08790000000000082 -7.986634670411465 -1.6650938930479764 -0.5730060387376256
0.08814000000000084 -8.06396861856529 -1.6379470382028178 -0.628801220049038
0.08838000000000086 -8.130592785960621 -1.6108462453089691 -0.6791481927634424
0.08862000000000088 -8.188744053349536 -1.5841244203041795 -0.7244384597276692
0.0888600000000009 -8.240124009071897 -1.5580010009852452 -0.7650521109135799
0.08910000000000091 -8.286033742726087 -1.5326136492217215 -0.8013530189603008
0.08934000000000093 -8.327474078265755 -1.5080415417620117 -0.8336859458500518
0.08958000000000095 -8.36522016230485 -1.4843224509306228 -0.8623750086850743
0.08982000000000097 -8.399877018618609 -1.4614652379818505 -0.8877231003317153
0.09006000000000099 -8.4319209712491 -1.4394589605906956 -0.9100119698241719
0.090300000000001 -8.461730571992957 -1.4182794838112913 -0.9295027479186623
0.09054000000000102 -8.489609729018094 -1.3978942525655362 -0.9464367625006068
0.09078000000000104 -8.515805037165487 -1.3782657124004194 -0.9610365321858412
0.09102000000000106 -8.540518794314687 -1.3593537383515641 -0.9735068585058092
0.09126000000000108 -8.56391880545707 -1.3411173377695702 -0.9840359605506807
0.0915000000000011 -8.586145792308688 -1.3235158233789712 -0.9927966131031899
0.09174000000000111 -8.607319015816755 -1.306509601328081 -0.9999472617877998
0.09198000000000113 -8.627540562802519 -1.290060680868412 -1.0056330978118075
0.09222000000000115 -8.646898632178715 -1.274132984103922 -1.0099870813951732
0.09246000000000117 -8.665470070259182 -1.2586925134008156 -1.0131309076456647
0.09270000000000118 -8.683322340915831 -1.243707418641859 -1.0151759119316606
0.0929400000000012 -8.700515069006245 -1.2291479951326196 -1.0162239141032563
0.09318000000000122 -8.71710126034828 -1.2149866345740694 -1.0163680024837247
0.09342000000000124 -8.733128275408134 -1.2011977453311224 -1.0156932595973698
0.09366000000000126 -8.748638614462152 -1.187757653675383 -1.0142774322632508
0.09390000000000127 -8.76367055755972 -1.1746444943371002 -1.0121915490751399
0.09414000000000129 -8.778258691872463 -1.1618380962508348 -1.0095004884855934
0.09438000000000131 -8.792434351011998 -1.1493198675882612 -1.0062635007741656
0.09462000000000133 -8.806225984929725 -1.1370726828670064 -1.002534687148836
0.09486000000000135 -8.819659474553948 -1.125080773978602 -0.9983634391363979
0.09510000000000136 -8.832758401984455 -1.1133296262968393 -0.9937948412840389
0.09534000000000138 -8.845544284564172 -1.101805880540084 -0.9888700400366046
0.0955800000000014 -8.858036779268396 -1.0904972407157163 -0.983626581483362
0.09582000000000142 -8.870253862435659 -1.079392388233547 -0.9780987204924805
0.09606000000000144 -7.185892593425898 -0.7112723124338638 -0.9678608597585412
0.09630000000000145 -3.4564982021101263 0.06659645608746073 -0.9178744619363988
0.09654000000000147 -0.6635438911463433 0.6239428671655117 -0.8330885824850032
0.09678000000000149 1.4331377278860624 1.0191936958349326 -0.7268974833701387
0.09702000000000151 3.0117480464913045 1.295541949802843 -0.6088490136796614
0.09726000000000153 4.204541896235837 1.48489879124306 -0.48567271650771626
0.09750000000000154 5.109702932861463 1.6108219604979919 -0.3620390695641118
0.09774000000000156 5.800147222128458 1.6906856286260004 -0.2411196776325174
0.09798000000000158 6.330049820942002 1.7372880434016023 -0.12500014703719672
0.0982200000000016 6.739683484972298 1.7600425136978461 -0.014983966796994427
0.09846000000000162 7.059006190809649 1.7658596087801361 0.0881842137098906
0.09870000000000163 7.310321165056963 1.7598005286741787 0.18415488322351284
0.09894000000000165 7.510249356740624 1.7455609068662712 0.2728539717661203
0.09918000000000167 7.671192206635419 1.7258289673583331 0.35439562983322903
0.09942000000000169 7.802416549142891 1.7025505885955245 0.4290189504347252
0.0996600000000017 7.910859372130798 1.6771253997201894 0.4970423200921536
0.09990000000000172 8.001724876273954 1.6505517885295955 0.5588307289326233
0.10014000000000174 8.078927533944164 1.623534071019997 0.614772587746614
0.10038000000000176 8.145420955622145 1.5965616411349217 0.6652635016887675
0.10062000000000178 8.203442074279575 1.5699673762104418 0.7106951180167485
0.1008600000000018 8.254692525060584 1.5439706887786808 0.751447659524154
0.10110000000000181 8.300473439429139 1.5187092184867792 0.7878851210722909
0.10134000000000183 8.341785678700784 1.4942621226335386 0.8203523771704944
0.10158000000000185 8.379404422744722 1.4706671566203957 0.8491736485797945
0.10182000000000187 8.413934724847305 1.4479331670800175 0.8746519237126793
0.10206000000000189 8.44585293514856 1.4260491991615147 0.8970690397275619
0.1023000000000019 8.475537628432214 1.404991107300903 0.9166862087143097
0.10254000000000192 8.503292733018439 1.3847263275379849 0.9337448336785183
0.10278000000000194 8.529364861317768 1.3652172981167536 0.9484675026702274
0.10302000000000196 8.553956326426894 1.346423888205575 0.9610590814512843
0.10326000000000198 8.577234946412254 1.3283051005925595 0.9717078485792072
0.103500000000002 8.59934145411503 1.3108202446248847 0.9805866339439019
0.10374000000000201 8.620395119833109 1.2939297241493606 0.987853934285098
0.10398000000000203 8.64049803812427 1.2775955470920368 0.993654988270097
0.10422000000000205 8.659738414170056 1.2617816351162903 0.9981228002313355
0.10446000000000207 8.678193099219126 1.2464539909493755 1.001379106322842
0.10470000000000208 8.695929560866372 1.2315807655607185 1.0035352801502049
0.1049400000000021 8.71300742659209 1.2171322559987385 1.0046931772267726
0.10518000000000212 8.729479703838475 1.2030808563000752 1.0049459191800376
0.10542000000000214 8.745393753790736 1.1894009777002632 1.0043786196759739
0.10566000000000215 8.760792076623877 1.176068949823663 1.0030690546923997
0.10590000000000217 8.775712951543191 1.1630629111872022 1.001088280163169
0.10614000000000219 8.790190964204305 1.1503626949020445 0.9985012002124043
0.10638000000000221 8.80425744609563 1.1379497136662375 0.9953670892600031
0.10662000000000223 8.817940844497198 1.1258068468369173 0.9917400712486046
0.10686000000000224 8.831267037171708 1.1139183314248369 0.9876695591487661
0.10710000000000226 8.844259602608306 1.1022696581722333 0.9832006577655131
0.10734000000000228 8.856940054139153 1.0908474733873406 0.9783745327115922
0.1075800000000023 8.869328044369645 1.0796394868634747 0.9732287482420194
0.10782000000000232 8.881441544946671 1.068634385969339 0.9677975764688462
0.10806000000000233 7.196977610250913 0.7006131661560044 0.9576554364820996
0.10830000000000235 3.4674814649176273 -0.07715763573717924 0.9077638065508085
0.10854000000000237 0.6744263061409488 -0.6344069631866137 0.8230717570282642
0.10878000000000239 -1.4223552601658236 -1.0295615847689787 0.7169735641109628
0.1090200000000024 -3.001064631351619 -1.3058145016486509 0.5990170905052632
0.10926000000000242 -4.19395664498472 -1.4950768693851215 0.4759318923586511
0.10950000000000244 -5.0992149629462675 -1.6209064216468998 0.35238845991216305
0.10974000000000246 -5.7897556572555295 -1.700677322769794 0.23155840999798008
0.10998000000000248 -6.31975379118006 -1.7471878137670391 0.11552736054221772
0.1102200000000025 -6.7294821268410026 -1.769851196720695 0.00559881175191685
0.11046000000000251 -7.048898647354695 -1.77557803408366 -0.0974825761899698
0.11070000000000253 -7.300306585912889 -1.7694295190550533 -0.1933672815745223
0.11094000000000255 -7.500326898182483 -1.7551012782872453 -0.2819812243054624
0.11118000000000257 -7.661361031620289 -1.7352815289470003 -0.3634385450670284
0.11142000000000259 -7.792675827342164 -1.711916142648631 -0.4379783273438256
0.1116600000000026 -7.901208279954101 -1.6864047417129495 -0.5059189483986448
0.11190000000000262 -7.992162596885468 -1.6597457071295372 -0.567625389348526
0.11214000000000264 -8.069453257272041 -1.6326433481048948 -0.6234860522062112
0.11238000000000266 -8.136033878361678 -1.6055870518144189 -0.6738965335659436
0.11262000000000268 -8.194141399890691 -1.5789096888509964 -0.7192484723285811
0.1128600000000027 -8.245477463760233 -1.5528306650314998 -0.759922083121894
0.11310000000000271 -8.291343208179027 -1.5274876133184387 -0.7962813528207724
0.11334000000000273 -8.332739501190918 -1.5029596843590087 -0.8286711481169257
0.11358000000000275 -8.370441529373181 -1.4792846269382212 -0.8574156821127983
0.11382000000000277 -8.405054352696608 -1.4564712811094187 -0.8828179357123788
0.11406000000000278 -8.437054327958958 -1.4345086854811997 -0.9051597387074387
0.1143000000000028 -8.466820036572223 -1.413372687989398 -0.9247022959554991
0.11454000000000282 -8.494655413452923 -1.3930307182153079 -0.9416870033571498
0.11478000000000284 -8.520807077573785 -1.3734452079872714 -0.9563364419783669
0.11502000000000286 -8.545477348557581 -1.354576020101896 -0.9688554707119861
0.11526000000000287 -8.568834050958943 -1.336382151020333 -0.9794323613561414
0.11550000000000289 -8.5910179240678 -1.318822903808383 -0.9882399371459831
0.11574000000000291 -8.612148244589957 -1.301858676077733 -0.9954366882665042
0.11598000000000293 -8.632327113449055 -1.2854514695661396 -1.0011678469260352
0.11622000000000295 -8.651642742149363 -1.2695651997959954 -1.0055664110898794
0.11646000000000296 -8.670171988218211 -1.2541658634012796 -1.008754110633142
0.11670000000000298 -8.687982325484278 -1.2392216053061753 -1.0108423129673394
0.116940000000003 -8.70513338761606 -1.2247027165621462 -1.0119328674934958
0.11718000000000302 -8.72167818819777 -1.2105815852573543 -1.0121188898056472
0.11742000000000304 -8.737664094509952 -1.1968326167274714 -1.0114854876125126
0.11766000000000305 -8.753133612775832 -1.1834321347456946 -1.010110431008378
0.11790000000000307 -8.768125028201473 -1.1703582720265242 -1.008064770114989
0.11814000000000309 -8.78267293239554 -1.1575908559274297 -1.0054134033136413
0.11838000000000311 -8.796808662751552 -1.1451112934414536 -1.0022155993486956
0.11862000000000313 -8.810560672406556 -1.132902458269339 -0.9985254765526862
0.11886000000000314 -8.82395484493207 -1.1209485818139497 -0.9943924423497619
0.11910000000000316 -8.837014764577821 -1.1092351492580013 -0.9898615960606163
0.11934000000000318 -8.849761950388302 -1.0977488013984105 -0.9849740978742232
0.1195800000000032 -8.862216060633012 -1.086477242565196 -0.9797675066809631
0.11982000000000322 -8.874395072574794 -1.0754091547115798 -0.9742760892860558
